100 0.000016
100 0.000020
100 0.000020
1000 0.001673
1000 0.001720
1000 0.001705
5000 0.043120
5000 0.043763
5000 0.042219
50000 4.242757
50000 5.124120
50000 4.121977
10000 0.169572
10000 0.164091
10000 0.164416
20000 0.688798
20000 0.681684
20000 0.690172
30000 1.592342
30000 1.554392
30000 1.545580
40000 2.764170
40000 2.831129
40000 2.790021
40000 1.949256
40000 1.808484
100000 11.388765
10000 0.065038
100000 6.155384
100000 6.048322
100000 8.476757
1000000 687.614983
1000000 684.914035
1000000 611.628537
200000 29.901944
400000 99.308949
700000 363.344256
