10 20 30 200 400 50 30 20
52 66 70 142 29 16 241 89
259 770 448 54 926 667 184 139 840 118 577 469
56 745 334 641 576 571 497 277 361 75 800 671
515 563 451 713 537 709 343 819 855 779 457 60 650 359 631 42
421 406 733 247 209 667 110 974 542 345 20 666 491 156 842 88
852 342 125 198 987 324 458 21 147 78 966 226 145 621 874 222
561 745 734 641 576 171 407 27 661 95 400 571
24 145 234 341 776 66 707 888 999 111 666 333
852 342 125 598 987 324 48 21 147 78 196 226 195 621 874 222
82 142 215 199 987 324 458 21 147 78 966 226 145 621 874 322
52 66 1 642 29 16 541 89
12 66 70 142 29 86 241 59
421 406 733 297 29 667 110 974 572 345 21 666 491 156 842 88
10 26 40 200 720 50 35 20
101 220 53 290 47 50 30 26
219 770 448 54 92 667 184 139 840 118 577 469
567 745 334 641 576 51 497 277 361 775 800 671
55 563 451 713 537 709 343 89 855 779 457 60 650 359 631 42
429 406 733 247 209 667 110 94 542 345 201 66 491 156 842 889

