100 0.000009
100 0.000011
100 0.000011
1000 0.000835
1000 0.000834
1000 0.001011
5000 0.020791
5000 0.020844
5000 0.021518
50000 2.132409
50000 2.034997
50000 2.023072
10000 0.083176
10000 0.079661
10000 0.081759
20000 0.336156
20000 0.354267
20000 0.340263
30000 0.770645
30000 0.755339
30000 0.761655
40000 1.421523
40000 1.358269
40000 1.356022
40000 1.455014
40000 1.262267
100000 8.523192
10000 0.046025
100000 4.401412
100000 4.428983
100000 4.880484
1000000 501.727299
1000000 510.633823
1000000 455.467612
200000 21.470751
400000 73.682673
700000 236.713704
