100 0.000003
100 0.000003
100 0.000003
1000 0.000020
1000 0.000020
1000 0.000022
5000 0.000130
5000 0.000118
5000 0.000119
50000 0.001357
50000 0.001443
50000 0.001228
10000 0.000244
10000 0.000227
10000 0.000262
20000 0.000501
20000 0.000636
20000 0.000518
30000 0.000857
30000 0.000772
30000 0.000709
40000 0.001052
40000 0.001097
40000 0.001047
40000 0.001191
40000 0.000993
100000 0.002762
10000 0.000335
100000 0.002549
100000 0.002758
100000 0.003174
1000000 0.032775
1000000 0.037714
1000000 0.028633
200000 0.007378
400000 0.010922
200000 0.004555
400000 0.010645
700000 0.023628
700000 0.016410
